image_width: 752
image_height: 480
camera_name: cam0
camera_matrix:
  rows: 3
  cols: 3
  data: [458.654, 0, 367.215, 0, 457.296, 248.375, 0, 0, 1]
distortion_model: plumb_bob
distortion_coefficients:
  rows: 1
  cols: 5
  data: [0, 0, 0, 0, 0]
rectification_matrix:
  rows: 3
  cols: 3
  data: [-0.040036960436770, -0.999129619736477, 0.011538697010174, -0.333114514485672, 0.002465472055626, -0.942879143733597,  0.942038918961407, -0.041595376094501, -0.332923916958529]
projection_matrix:
  rows: 3
  cols: 4
  data: [458.654, 0, 367.215,  -26.956977507739776, 0, 457.296, 248.375,  11.469509146283061, 0, 0, 1,  0.008054602460028]